,pass,num_topics,coherence_score
0,0,2,-2.1428488672514003
1,0,3,-2.1733194809038845
2,0,4,-2.18111673940515
3,0,5,-2.2429695024465834
4,0,6,-2.2431788947972815
5,0,7,-2.2355717137038753
6,0,8,-2.267758905379025
7,0,9,-2.2705840901096
8,0,10,-2.2862329991758106
9,0,11,-2.2377129038164143
10,0,12,-2.272548115312085
11,0,13,-2.255356491792716
12,0,14,-2.3125379393366816
13,1,2,-2.1661687885830503
14,1,3,-2.2627947748919284
15,1,4,-2.2016883105024285
16,1,5,-2.2130805762212065
17,1,6,-2.2586586415260204
18,1,7,-2.2508423157607806
19,1,8,-2.2731773598883103
20,1,9,-2.225448295702714
21,1,10,-2.2822327703674463
22,1,11,-2.216119528256876
23,1,12,-2.254448798608068
24,1,13,-2.2365280515830817
25,1,14,-2.252801067186581
26,2,2,-2.162871362055818
27,2,3,-2.213449191025799
28,2,4,-2.2242840832748163
29,2,5,-2.2331262191241605
30,2,6,-2.2605972733976905
31,2,7,-2.181327538873049
32,2,8,-2.228448293581173
33,2,9,-2.2739379277578897
34,2,10,-2.229194159461223
35,2,11,-2.2935410532701908
36,2,12,-2.2933434225402443
37,2,13,-2.2693047136846998
38,2,14,-2.2851332920012735
39,3,2,-2.170553683201467
40,3,3,-2.1407379319428066
41,3,4,-2.257013807452359
42,3,5,-2.23202732492368
43,3,6,-2.245698557697874
44,3,7,-2.2195107925915587
45,3,8,-2.250608157555374
46,3,9,-2.2586428845827347
47,3,10,-2.234407736436278
48,3,11,-2.2910662951225778
49,3,12,-2.2756528870872708
50,3,13,-2.2624011523027097
51,3,14,-2.255320449788575
52,4,2,-2.0833272427159084
53,4,3,-2.2099239506848796
54,4,4,-2.1669343601912803
55,4,5,-2.222666872317217
56,4,6,-2.2195139207194168
57,4,7,-2.246367117195175
58,4,8,-2.230156602307736
59,4,9,-2.2369727000926707
60,4,10,-2.272185839873166
61,4,11,-2.2503237414075787
62,4,12,-2.30107685279634
63,4,13,-2.2919758141649194
64,4,14,-2.305243386013101
